100
0.418238 0.858828
0.375457 0.774866
0.367433 0.757813
0.330009 0.671331
0.323071 0.653808
0.291151 0.565147
0.285327 0.547223
0.259037 0.456732
0.25435 0.438478
0.233794 0.346515
0.230263 0.328002
0.215521 0.23493
0.213159 0.216232
0.204291 0.122418
0.203108 0.103609
0.200148 0.00942323
0.200148 -0.00942323
0.203108 -0.103609
0.204291 -0.122418
0.213159 -0.216232
0.215521 -0.23493
0.230263 -0.328002
0.233794 -0.346515
0.25435 -0.438478
0.259037 -0.456732
0.285327 -0.547223
0.291151 -0.565147
0.323071 -0.653808
0.330009 -0.671331
0.367433 -0.757813
0.375457 -0.774866
0.418238 -0.858828
0.429304 -0.878702
0.45048 -0.909861
0.462493 -0.924383
0.489133 -0.951023
0.518901 -0.974114
0.551329 -0.993291
0.585905 -1.00825
0.603829 -1.01408
0.640596 -1.0223
0.659294 -1.02466
0.69695 -1.02584
0.734457 -1.0223
0.752969 -1.01876
0.789148 -1.00825
0.806671 -1.00132
0.840239 -0.984212
0.856151 -0.974114
0.88592 -0.951023
0.899658 -0.938121
0.954002 -0.882941
1.00756 -0.821296
1.04606 -0.771657
1.09245 -0.704452
1.13453 -0.634466
1.14361 -0.617951
1.17213 -0.561976
1.2051 -0.487269
1.21204 -0.469746
1.23914 -0.392714
1.25667 -0.332387
1.26136 -0.314133
1.27859 -0.234312
1.29078 -0.153566
1.29788 -0.0722137
1.29985 0.00942323
1.29788 0.0722137
1.29078 0.153566
1.28842 0.172264
1.27859 0.234312
1.26136 0.314133
1.23914 0.392714
1.21204 0.469746
1.18015 0.544924
1.17213 0.561976
1.13453 0.634466
1.10255 0.688539
1.09245 0.704452
1.05714 0.75641
1.04606 0.771657
0.995547 0.835818
0.954002 0.882941
0.899658 0.938121
0.871399 0.963036
0.840239 0.984212
0.823724 0.993291
0.789148 1.00825
0.752969 1.01876
0.715759 1.02466
0.678103 1.02584
0.640596 1.0223
0.622083 1.01876
0.585905 1.00825
0.551329 0.993291
0.534814 0.984212
0.503654 0.963036
0.475394 0.938121
0.45048 0.909861
0.439402 0.894614